
val(:,:,1) =

   1.0e+03 *

  Columns 1 through 7

    0.2123    0.1258    0.0796    0.0449    0.0402    0.0409    0.0345
    0.0006    0.0006    0.0005    0.0002    0.0000    0.0001    0.0000
    0.1001    0.1002    0.1003    0.1004    0.0999    0.1003    0.0998
    0.0118    0.0111    0.0096    0.0029    0.0001    0.0001    0.0002
    0.0149    0.0143    0.0130    0.0034    0.0001    0.0023    0.0006
    0.0049    0.0057    0.0067    0.0042    0.0001    0.0007    0.0003
    0.0046    0.0031    0.0002    0.0054    0.0003    0.0018    0.0007
    0.0148    0.0147    0.0138    0.0002    0.0002    0.0031    0.0001
    0.0117    0.0125    0.0136    0.0007    0.0001    0.0042    0.0010
    0.0209    0.0194    0.0168    0.0018    0.0000    0.0007    0.0000

  Columns 8 through 14

    0.0264    0.0255    0.0243    0.0164    0.0185    0.0160    0.0145
    0.0001    0.0000    0.0000    0.0000    0.0000    0.0000    0.0000
    0.1003    0.1000    0.1000    0.1000    0.1000    0.1000    0.1000
    0.0009    0.0000    0.0000    0.0000    0.0000    0.0000    0.0000
    0.0010    0.0000    0.0000    0.0000    0.0000    0.0000    0.0000
    0.0017    0.0000    0.0000    0.0000    0.0000    0.0000    0.0000
    0.0016    0.0000    0.0000    0.0000    0.0000    0.0000    0.0000
    0.0011    0.0000    0.0000    0.0000    0.0000    0.0000    0.0000
    0.0011    0.0000    0.0000    0.0000    0.0000    0.0000    0.0000
    0.0002    0.0000    0.0000    0.0000    0.0000    0.0000    0.0000

  Columns 15 through 21

    0.0135    0.0122    0.0109    0.0089    0.0098    0.0096    0.0092
    0.0000    0.0000    0.0000    0.0000    0.0000    0.0000    0.0000
    0.1000    0.1000    0.1000    0.1000    0.1000    0.1000    0.1000
    0.0000    0.0000    0.0000    0.0000    0.0000    0.0000    0.0000
    0.0000    0.0000    0.0000    0.0000    0.0000    0.0000    0.0000
    0.0000    0.0000    0.0000    0.0000    0.0000    0.0000    0.0000
    0.0000    0.0000    0.0000    0.0000    0.0000    0.0000    0.0000
    0.0000    0.0000    0.0000    0.0000    0.0000    0.0000    0.0000
    0.0000    0.0000    0.0000    0.0000    0.0000    0.0000    0.0000
    0.0000    0.0000    0.0000    0.0000    0.0000    0.0000    0.0000

  Columns 22 through 26

    0.0107    0.0131    0.0238    0.0301    0.0207
    0.0000    0.0002    0.0008    0.0009    0.0007
    0.0997    0.0993    0.0984    0.0947    0.0904
    0.0005    0.0055    0.0180    0.0196    0.0148
    0.0006    0.0018    0.0111    0.0143    0.0080
    0.0005    0.0019    0.0039    0.0089    0.0018
    0.0004    0.0004    0.0017    0.0071    0.0006
    0.0002    0.0013    0.0012    0.0052    0.0002
    0.0001    0.0007    0.0021    0.0046    0.0005
    0.0000    0.0021    0.0281    0.8295    8.4129


val(:,:,2) =

   1.0e+03 *

  Columns 1 through 7

    0.2086    0.1237    0.0782    0.0441    0.0395    0.0393    0.0339
    0.0006    0.0006    0.0005    0.0002    0.0000    0.0001    0.0000
    0.1001    0.1002    0.1003    0.1004    0.0999    0.0998    0.0998
    0.0116    0.0109    0.0094    0.0028    0.0001    0.0004    0.0002
    0.0146    0.0140    0.0128    0.0034    0.0001    0.0002    0.0006
    0.0048    0.0056    0.0066    0.0042    0.0001    0.0003    0.0003
    0.0045    0.0031    0.0002    0.0053    0.0003    0.0018    0.0007
    0.0146    0.0145    0.0136    0.0002    0.0002    0.0003    0.0001
    0.0115    0.0123    0.0134    0.0007    0.0001    0.0024    0.0010
    0.0201    0.0188    0.0163    0.0018    0.0000    0.0002    0.0000

  Columns 8 through 14

    0.0220    0.0218    0.0241    0.0157    0.0193    0.0160    0.0149
    0.0000    0.0000    0.0000    0.0000    0.0000    0.0000    0.0000
    0.1002    0.1000    0.1000    0.1000    0.1000    0.1000    0.1000
    0.0008    0.0000    0.0000    0.0000    0.0000    0.0000    0.0000
    0.0009    0.0000    0.0000    0.0000    0.0000    0.0000    0.0000
    0.0017    0.0000    0.0000    0.0000    0.0000    0.0000    0.0000
    0.0016    0.0000    0.0000    0.0000    0.0000    0.0000    0.0000
    0.0011    0.0000    0.0000    0.0000    0.0000    0.0000    0.0000
    0.0013    0.0000    0.0000    0.0000    0.0000    0.0000    0.0000
    0.0002    0.0000    0.0000    0.0000    0.0000    0.0000    0.0000

  Columns 15 through 21

    0.0133    0.0135    0.0111    0.0108    0.0092    0.0092    0.0106
    0.0000    0.0000    0.0000    0.0000    0.0000    0.0000    0.0000
    0.1000    0.1000    0.1000    0.1000    0.1000    0.1000    0.1000
    0.0000    0.0000    0.0000    0.0000    0.0000    0.0000    0.0000
    0.0000    0.0000    0.0000    0.0000    0.0000    0.0000    0.0000
    0.0000    0.0000    0.0000    0.0000    0.0000    0.0000    0.0000
    0.0000    0.0000    0.0000    0.0000    0.0000    0.0000    0.0000
    0.0000    0.0000    0.0000    0.0000    0.0000    0.0000    0.0000
    0.0000    0.0000    0.0000    0.0000    0.0000    0.0000    0.0000
    0.0000    0.0000    0.0000    0.0000    0.0000    0.0000    0.0000

  Columns 22 through 26

    0.0071    0.0118    0.0166    0.0214    0.0198
    0.0000    0.0001    0.0005    0.0007    0.0006
    0.1001    0.0995    0.0989    0.0958    0.0919
    0.0000    0.0027    0.0123    0.0159    0.0144
    0.0000    0.0022    0.0041    0.0087    0.0075
    0.0000    0.0001    0.0025    0.0013    0.0012
    0.0000    0.0005    0.0030    0.0009    0.0000
    0.0000    0.0005    0.0010    0.0034    0.0003
    0.0000    0.0002    0.0007    0.0039    0.0002
    0.0000    0.0006    0.0104    0.3160    4.2554


val(:,:,3) =

   1.0e+03 *

  Columns 1 through 7

    0.2051    0.1216    0.0769    0.0434    0.0388    0.0386    0.0333
    0.0006    0.0005    0.0005    0.0001    0.0000    0.0001    0.0000
    0.1001    0.1002    0.1003    0.1004    0.0999    0.0998    0.0998
    0.0114    0.0107    0.0093    0.0028    0.0001    0.0004    0.0002
    0.0144    0.0138    0.0126    0.0033    0.0001    0.0002    0.0006
    0.0047    0.0055    0.0065    0.0041    0.0001    0.0003    0.0003
    0.0044    0.0030    0.0002    0.0052    0.0003    0.0018    0.0007
    0.0143    0.0142    0.0133    0.0002    0.0002    0.0003    0.0001
    0.0113    0.0120    0.0132    0.0006    0.0001    0.0024    0.0010
    0.0195    0.0181    0.0157    0.0017    0.0000    0.0002    0.0000

  Columns 8 through 14

    0.0216    0.0214    0.0239    0.0164    0.0189    0.0158    0.0147
    0.0000    0.0000    0.0000    0.0000    0.0000    0.0000    0.0000
    0.1002    0.1000    0.1000    0.1000    0.1000    0.1000    0.1000
    0.0008    0.0000    0.0000    0.0000    0.0000    0.0000    0.0000
    0.0008    0.0000    0.0000    0.0000    0.0000    0.0000    0.0000
    0.0017    0.0000    0.0000    0.0000    0.0000    0.0000    0.0000
    0.0016    0.0000    0.0000    0.0000    0.0000    0.0000    0.0000
    0.0011    0.0000    0.0000    0.0000    0.0000    0.0000    0.0000
    0.0012    0.0000    0.0000    0.0000    0.0000    0.0000    0.0000
    0.0002    0.0000    0.0000    0.0000    0.0000    0.0000    0.0000

  Columns 15 through 21

    0.0148    0.0127    0.0132    0.0106    0.0092    0.0099    0.0096
    0.0000    0.0000    0.0000    0.0000    0.0000    0.0000    0.0000
    0.1000    0.1000    0.1000    0.1000    0.1000    0.1000    0.1000
    0.0000    0.0000    0.0000    0.0000    0.0000    0.0000    0.0000
    0.0000    0.0000    0.0000    0.0000    0.0000    0.0000    0.0000
    0.0000    0.0000    0.0000    0.0000    0.0000    0.0000    0.0000
    0.0000    0.0000    0.0000    0.0000    0.0000    0.0000    0.0000
    0.0000    0.0000    0.0000    0.0000    0.0000    0.0000    0.0000
    0.0000    0.0000    0.0000    0.0000    0.0000    0.0000    0.0000
    0.0000    0.0000    0.0000    0.0000    0.0000    0.0000    0.0000

  Columns 22 through 26

    0.0101    0.0137    0.0129    0.0226    0.0261
    0.0000    0.0001    0.0003    0.0007    0.0008
    0.1000    0.0997    0.0992    0.0976    0.0940
    0.0000    0.0011    0.0074    0.0166    0.0182
    0.0000    0.0011    0.0003    0.0099    0.0118
    0.0000    0.0007    0.0025    0.0039    0.0064
    0.0000    0.0004    0.0009    0.0026    0.0047
    0.0000    0.0001    0.0012    0.0020    0.0025
    0.0000    0.0000    0.0004    0.0022    0.0022
    0.0000    0.0001    0.0035    0.0521    1.2888


val(:,:,4) =

   1.0e+03 *

  Columns 1 through 7

    0.2095    0.1180    0.0757    0.0443    0.0397    0.0396    0.0352
    0.0006    0.0005    0.0003    0.0002    0.0000    0.0001    0.0001
    0.1001    0.1008    0.1007    0.1004    0.0999    0.0998    0.0998
    0.0116    0.0023    0.0044    0.0029    0.0001    0.0004    0.0002
    0.0146    0.0113    0.0038    0.0035    0.0001    0.0002    0.0007
    0.0048    0.0312    0.0093    0.0043    0.0001    0.0003    0.0003
    0.0045    0.0339    0.0003    0.0055    0.0003    0.0019    0.0008
    0.0146    0.0315    0.0125    0.0001    0.0002    0.0003    0.0001
    0.0115    0.0574    0.0389    0.0009    0.0001    0.0025    0.0011
    0.0201    0.1058    0.0255    0.0019    0.0000    0.0002    0.0001

  Columns 8 through 14

    0.0223    0.0251    0.0224    0.0194    0.0165    0.0158    0.0146
    0.0001    0.0000    0.0000    0.0000    0.0000    0.0000    0.0000
    0.1003    0.1000    0.1000    0.1000    0.1000    0.1000    0.1000
    0.0010    0.0000    0.0000    0.0000    0.0000    0.0000    0.0000
    0.0011    0.0000    0.0000    0.0000    0.0000    0.0000    0.0000
    0.0027    0.0000    0.0000    0.0000    0.0000    0.0000    0.0000
    0.0025    0.0000    0.0000    0.0000    0.0000    0.0000    0.0000
    0.0013    0.0000    0.0000    0.0000    0.0000    0.0000    0.0000
    0.0025    0.0000    0.0000    0.0000    0.0000    0.0000    0.0000
    0.0005    0.0000    0.0000    0.0000    0.0000    0.0000    0.0000

  Columns 15 through 21

    0.0139    0.0113    0.0109    0.0109    0.0087    0.0093    0.0090
    0.0000    0.0000    0.0000    0.0000    0.0000    0.0000    0.0000
    0.1000    0.1000    0.1000    0.1000    0.1000    0.1000    0.1000
    0.0000    0.0000    0.0000    0.0000    0.0000    0.0000    0.0000
    0.0001    0.0000    0.0000    0.0000    0.0000    0.0000    0.0000
    0.0001    0.0000    0.0000    0.0000    0.0000    0.0000    0.0000
    0.0000    0.0000    0.0000    0.0000    0.0000    0.0000    0.0000
    0.0001    0.0000    0.0000    0.0000    0.0000    0.0000    0.0000
    0.0001    0.0000    0.0000    0.0000    0.0000    0.0000    0.0000
    0.0000    0.0000    0.0000    0.0000    0.0000    0.0000    0.0000

  Columns 22 through 26

    0.0079    0.0116    0.0166    0.0301    0.0287
    0.0000    0.0001    0.0005    0.0009    0.0009
    0.1000    0.0995    0.0989    0.0966    0.0929
    0.0000    0.0027    0.0123    0.0199    0.0189
    0.0000    0.0022    0.0041    0.0141    0.0133
    0.0000    0.0001    0.0025    0.0088    0.0081
    0.0000    0.0005    0.0030    0.0073    0.0066
    0.0000    0.0005    0.0010    0.0054    0.0046
    0.0000    0.0002    0.0007    0.0048    0.0040
    0.0000    0.0006    0.0104    0.1601    2.5902


val(:,:,5) =

   1.0e+03 *

  Columns 1 through 7

    0.2060    0.1219    0.0771    0.0435    0.0390    0.0389    0.0346
    0.0006    0.0005    0.0005    0.0002    0.0000    0.0001    0.0001
    0.1001    0.1002    0.1003    0.1004    0.0999    0.0998    0.0998
    0.0114    0.0107    0.0093    0.0028    0.0001    0.0004    0.0002
    0.0144    0.0138    0.0126    0.0034    0.0001    0.0002    0.0007
    0.0047    0.0055    0.0065    0.0042    0.0001    0.0003    0.0003
    0.0044    0.0030    0.0002    0.0054    0.0003    0.0019    0.0008
    0.0143    0.0142    0.0134    0.0001    0.0002    0.0003    0.0001
    0.0113    0.0120    0.0132    0.0009    0.0001    0.0025    0.0011
    0.0195    0.0181    0.0157    0.0018    0.0000    0.0002    0.0000

  Columns 8 through 14

    0.0256    0.0220    0.0223    0.0193    0.0192    0.0159    0.0143
    0.0001    0.0000    0.0000    0.0000    0.0000    0.0000    0.0000
    0.1003    0.1001    0.1000    0.1000    0.1001    0.1000    0.1000
    0.0013    0.0003    0.0000    0.0000    0.0000    0.0000    0.0000
    0.0015    0.0001    0.0000    0.0000    0.0001    0.0000    0.0000
    0.0025    0.0000    0.0000    0.0000    0.0001    0.0000    0.0000
    0.0026    0.0002    0.0000    0.0000    0.0001    0.0000    0.0000
    0.0015    0.0003    0.0000    0.0000    0.0002    0.0000    0.0000
    0.0019    0.0003    0.0000    0.0000    0.0000    0.0000    0.0000
    0.0005    0.0000    0.0000    0.0000    0.0000    0.0000    0.0000

  Columns 15 through 21

    0.0142    0.0114    0.0146    0.0112    0.0101    0.0092    0.0096
    0.0000    0.0000    0.0000    0.0000    0.0000    0.0000    0.0000
    0.1000    0.1000    0.1000    0.1000    0.1000    0.1000    0.1000
    0.0000    0.0000    0.0000    0.0000    0.0000    0.0000    0.0000
    0.0001    0.0000    0.0000    0.0000    0.0000    0.0000    0.0000
    0.0001    0.0000    0.0000    0.0000    0.0000    0.0000    0.0000
    0.0000    0.0000    0.0000    0.0000    0.0000    0.0000    0.0000
    0.0001    0.0000    0.0000    0.0000    0.0000    0.0000    0.0000
    0.0001    0.0000    0.0000    0.0000    0.0000    0.0000    0.0000
    0.0000    0.0000    0.0000    0.0000    0.0000    0.0000    0.0000

  Columns 22 through 26

    0.0082    0.0137    0.0131    0.0264    0.0291
    0.0000    0.0001    0.0003    0.0008    0.0009
    0.1000    0.0997    0.0992    0.0982    0.0942
    0.0000    0.0011    0.0074    0.0191    0.0188
    0.0000    0.0011    0.0003    0.0131    0.0138
    0.0000    0.0007    0.0025    0.0073    0.0086
    0.0000    0.0004    0.0009    0.0056    0.0067
    0.0000    0.0001    0.0011    0.0032    0.0048
    0.0000    0.0000    0.0004    0.0024    0.0047
    0.0000    0.0001    0.0035    0.0388    1.1359


val(:,:,6) =

  Columns 1 through 7

  202.5309  119.9052   75.8678   42.8203   38.3730   38.2937   33.9885
    0.5893    0.5403    0.4627    0.1484    0.0446    0.0635    0.0493
  100.1261  100.2067  100.2813  100.3595   99.8548   99.7894   99.7924
   11.2441   10.5010    9.1164    2.7989    0.1342    0.4283    0.2294
   14.1351   13.5469   12.3547    3.3695    0.1031    0.2239    0.6465
    4.6614    5.4018    6.3993    4.1429    0.0553    0.3256    0.2794
    4.3642    2.9870    0.2110    5.2920    0.2635    1.8322    0.7579
   14.0851   13.9759   13.1387    0.0559    0.1831    0.3152    0.1105
   11.1435   11.8390   12.9456    0.8437    0.0528    2.4195    1.0647
   18.8215   17.5484   15.2027    1.7395    0.0037    0.1590    0.0475

  Columns 8 through 14

   21.5591   24.2558   21.9045   19.2342   16.9130   16.2681   14.3003
    0.0534    0.0292    0.0285    0.0190    0.0214    0.0167    0.0219
  100.2607  100.0032  100.0004  100.0025  100.0023   99.9999   99.9994
    0.9224    0.0000    0.0000    0.0000    0.0000    0.0000    0.0000
    1.0819    0.0000    0.0000    0.0000    0.0000    0.0000    0.0000
    2.5812    0.0000    0.0000    0.0000    0.0000    0.0000    0.0000
    2.3708    0.0000    0.0000    0.0000    0.0000    0.0000    0.0000
    1.2688    0.0000    0.0000    0.0000    0.0000    0.0000    0.0000
    2.4164    0.0000    0.0000    0.0000    0.0000    0.0000    0.0000
    0.4467    0.0000    0.0000    0.0000    0.0000    0.0000    0.0000

  Columns 15 through 21

   14.3281   14.2470   12.0670   13.0132   10.4051   10.1038   10.1369
    0.0158    0.0178    0.0153    0.0142    0.0085    0.0088    0.0134
  100.0169  100.0028  100.0009  100.0023  100.0014  100.0004   99.9683
    0.0173    0.0000    0.0000    0.0000    0.0000    0.0000    0.0010
    0.0436    0.0000    0.0000    0.0000    0.0000    0.0000    0.0024
    0.0478    0.0000    0.0000    0.0000    0.0000    0.0000    0.0012
    0.0049    0.0000    0.0000    0.0000    0.0000    0.0000    0.0029
    0.0774    0.0000    0.0000    0.0000    0.0000    0.0000    0.0004
    0.0638    0.0000    0.0000    0.0000    0.0000    0.0000    0.0033
    0.0003    0.0000    0.0000    0.0000    0.0000    0.0000    0.0000

  Columns 22 through 26

   10.4220    8.7176   11.3459   18.5088   21.7144
    0.0134    0.0140    0.1580    0.5882    0.6948
   99.9997   99.8153   99.4381   98.7251   95.0998
    0.0000    0.2168    3.7269   14.1091   15.8463
    0.0000    0.2601    2.3319    6.6743    8.9652
    0.0000    0.2722    0.7447    0.2263    3.6587
    0.0000    0.2223    0.8535    1.5516    2.3906
    0.0000    0.1229    0.2827    1.6420    2.1927
    0.0000    0.0865    0.3989    0.8634    2.5808
    0.0000    0.0089    1.0287   14.5854  594.2691


val(:,:,7) =

   1.0e+03 *

  Columns 1 through 7

    0.2069    0.1223    0.0748    0.0437    0.0392    0.0457    0.0358
    0.0006    0.0005    0.0002    0.0002    0.0000    0.0001    0.0001
    0.1001    0.1002    0.1007    0.1004    0.0999    0.1003    0.0998
    0.0114    0.0107    0.0043    0.0029    0.0001    0.0000    0.0002
    0.0144    0.0138    0.0039    0.0035    0.0001    0.0029    0.0007
    0.0047    0.0055    0.0093    0.0043    0.0001    0.0006    0.0003
    0.0044    0.0030    0.0001    0.0055    0.0003    0.0024    0.0008
    0.0143    0.0142    0.0120    0.0001    0.0002    0.0034    0.0001
    0.0113    0.0120    0.0384    0.0011    0.0001    0.0055    0.0011
    0.0195    0.0182    0.0248    0.0019    0.0000    0.0010    0.0001

  Columns 8 through 14

    0.0250    0.0249    0.0218    0.0210    0.0178    0.0182    0.0151
    0.0001    0.0000    0.0000    0.0000    0.0000    0.0000    0.0000
    0.0998    0.1000    0.1000    0.1000    0.0999    0.1000    0.1000
    0.0011    0.0000    0.0000    0.0000    0.0000    0.0000    0.0000
    0.0004    0.0000    0.0000    0.0000    0.0002    0.0000    0.0000
    0.0034    0.0000    0.0000    0.0000    0.0000    0.0000    0.0000
    0.0013    0.0000    0.0000    0.0000    0.0002    0.0000    0.0000
    0.0002    0.0000    0.0000    0.0000    0.0004    0.0000    0.0000
    0.0035    0.0000    0.0000    0.0000    0.0002    0.0000    0.0000
    0.0005    0.0000    0.0000    0.0000    0.0000    0.0000    0.0000

  Columns 15 through 21

    0.0111    0.0132    0.0122    0.0105    0.0079    0.0100    0.0093
    0.0000    0.0000    0.0000    0.0000    0.0000    0.0000    0.0000
    0.1000    0.1000    0.1000    0.1000    0.1000    0.1000    0.1000
    0.0000    0.0000    0.0000    0.0000    0.0000    0.0000    0.0000
    0.0000    0.0000    0.0000    0.0000    0.0000    0.0000    0.0000
    0.0000    0.0000    0.0000    0.0000    0.0000    0.0000    0.0000
    0.0000    0.0000    0.0000    0.0000    0.0000    0.0000    0.0000
    0.0000    0.0000    0.0000    0.0000    0.0000    0.0000    0.0000
    0.0000    0.0000    0.0000    0.0000    0.0000    0.0000    0.0000
    0.0000    0.0000    0.0000    0.0000    0.0000    0.0000    0.0000

  Columns 22 through 26

    0.0079    0.0137    0.0133    0.0264    0.0302
    0.0000    0.0001    0.0003    0.0008    0.0009
    0.1000    0.0997    0.0992    0.0982    0.0943
    0.0000    0.0011    0.0074    0.0191    0.0192
    0.0000    0.0011    0.0003    0.0131    0.0132
    0.0000    0.0007    0.0025    0.0073    0.0087
    0.0000    0.0004    0.0009    0.0056    0.0070
    0.0000    0.0001    0.0011    0.0032    0.0059
    0.0000    0.0000    0.0004    0.0024    0.0049
    0.0000    0.0001    0.0035    0.0388    1.1230


val(:,:,8) =

  Columns 1 through 7

  203.4114  120.2571   76.1576   42.9690   38.5754   38.6471   35.1698
    0.5893    0.5405    0.4629    0.1515    0.0447    0.0642    0.0513
  100.1260  100.2064  100.2812  100.3669   99.8538   99.7852   99.7862
   11.2446   10.5027    9.1182    2.8564    0.1370    0.4522    0.2390
   14.1362   13.5503   12.3614    3.4608    0.1047    0.2166    0.6961
    4.6599    5.3974    6.3906    4.2601    0.0559    0.3500    0.2906
    4.3651    2.9897    0.2104    5.4576    0.2683    1.8788    0.8276
   14.0862   13.9805   13.1532    0.0796    0.1862    0.3386    0.1403
   11.1420   11.8343   12.9378    1.0458    0.0539    2.4987    1.1280
   18.8230   17.5533   15.2107    1.8402    0.0038    0.1692    0.0546

  Columns 8 through 14

   24.6190   24.4478   20.4419   20.8915   17.5752   15.8236   14.9680
    0.0606    0.0301    0.0217    0.0244    0.0212    0.0227    0.0235
   99.8495  100.0032  100.0008   99.9988   99.8877  100.0018  100.0000
    1.0415    0.0000    0.0000    0.0000    0.0061    0.0000    0.0000
    0.4259    0.0000    0.0000    0.0000    0.2456    0.0000    0.0000
    3.3202    0.0000    0.0000    0.0000    0.0018    0.0000    0.0000
    1.2887    0.0000    0.0000    0.0000    0.1682    0.0000    0.0000
    0.1487    0.0000    0.0000    0.0000    0.3712    0.0000    0.0000
    3.4394    0.0000    0.0000    0.0000    0.2205    0.0000    0.0000
    0.5012    0.0000    0.0000    0.0000    0.0055    0.0000    0.0000

  Columns 15 through 21

   11.1503   10.1959   11.5060   10.6756   10.2342   10.0910    9.6357
    0.0128    0.0107    0.0140    0.0104    0.0117    0.0088    0.0123
   99.9997   99.9998  100.0009   99.9999  100.0003  100.0007   99.9988
    0.0000    0.0000    0.0000    0.0000    0.0000    0.0000    0.0000
    0.0000    0.0000    0.0000    0.0000    0.0000    0.0000    0.0000
    0.0000    0.0000    0.0000    0.0000    0.0000    0.0000    0.0000
    0.0000    0.0000    0.0000    0.0000    0.0000    0.0000    0.0000
    0.0000    0.0000    0.0000    0.0000    0.0000    0.0000    0.0000
    0.0000    0.0000    0.0000    0.0000    0.0000    0.0000    0.0000
    0.0000    0.0000    0.0000    0.0000    0.0000    0.0000    0.0000

  Columns 22 through 26

    8.6350    9.8481   11.8336   18.5401   18.0905
    0.0076    0.0150    0.1581    0.5882    0.6273
  100.0000   99.8152   99.4376   98.7251   95.1038
    0.0000    0.2179    3.7298   14.1091   14.4066
    0.0000    0.2603    2.3245    6.6745    7.5363
    0.0000    0.2647    0.7418    0.2258    1.2482
    0.0000    0.2179    0.8416    1.5508    0.0000
    0.0000    0.1152    0.2616    1.6405    0.4035
    0.0000    0.0747    0.3750    0.8614    0.0022
    0.0000    0.0088    1.0280   14.5854  588.4390


val(:,:,9) =

  Columns 1 through 7

  200.0786  118.2878   74.9127   42.2656   37.9428   38.0127   34.5917
    0.5797    0.5317    0.4553    0.1490    0.0439    0.0631    0.0504
  100.1246  100.2043  100.2781  100.3629   99.8553   99.7876   99.7885
   11.0602   10.3303    8.9686    2.8094    0.1351    0.4449    0.2353
   13.9042   13.3279   12.1585    3.4045    0.1033    0.2131    0.6853
    4.5834    5.3088    6.2855    4.1906    0.0551    0.3443    0.2862
    4.2936    2.9406    0.2071    5.3698    0.2646    1.8485    0.8147
   13.8549   13.7510   12.9374    0.0809    0.1837    0.3331    0.1380
   10.9592   11.6402   12.7253    1.0332    0.0531    2.4585    1.1104
   18.2110   16.9825   14.7163    1.7809    0.0037    0.1638    0.0529

  Columns 8 through 14

   24.2156   21.6151   20.1760   20.7595   16.4998   15.2680   14.8081
    0.0596    0.0459    0.0213    0.0242    0.0189    0.0212    0.0232
   99.8509  100.2134   99.9996   99.9970   99.9999  100.0011  100.0011
    1.0242    0.8831    0.0000    0.0000    0.0000    0.0000    0.0000
    0.4193    0.3300    0.0000    0.0000    0.0000    0.0000    0.0000
    3.2661    0.3525    0.0000    0.0000    0.0000    0.0000    0.0000
    1.2667    0.5545    0.0000    0.0000    0.0000    0.0000    0.0000
    0.1453    1.3071    0.0000    0.0000    0.0000    0.0000    0.0000
    3.3836    0.9195    0.0000    0.0000    0.0000    0.0000    0.0000
    0.4849    0.0896    0.0000    0.0000    0.0000    0.0000    0.0000

  Columns 15 through 21

   11.1619   12.8534   12.0242   11.1472   10.2963    8.7566   10.3532
    0.0126    0.0154    0.0148    0.0110    0.0091    0.0081    0.0130
   99.9983  100.0011  100.0010   99.9999  100.0004  100.0004   99.9992
    0.0000    0.0000    0.0000    0.0000    0.0000    0.0000    0.0000
    0.0000    0.0000    0.0000    0.0000    0.0000    0.0000    0.0000
    0.0000    0.0000    0.0000    0.0000    0.0000    0.0000    0.0000
    0.0000    0.0000    0.0000    0.0000    0.0000    0.0000    0.0000
    0.0000    0.0000    0.0000    0.0000    0.0000    0.0000    0.0000
    0.0000    0.0000    0.0000    0.0000    0.0000    0.0000    0.0000
    0.0000    0.0000    0.0000    0.0000    0.0000    0.0000    0.0000

  Columns 22 through 26

   10.0122    8.5702   12.3487   13.7297   19.9449
    0.0135    0.0086    0.0815    0.3695    0.6633
   99.9996  100.0033   99.6009   99.0486   96.9513
    0.0000    0.0000    1.8007    9.0958   15.4482
    0.0000    0.0000    1.6708    1.4062    8.6800
    0.0000    0.0000    0.4853    2.8071    1.8451
    0.0000    0.0000    0.0465    2.0475    0.0000
    0.0000    0.0000    0.3208    0.5635    1.8562
    0.0000    0.0000    0.2019    1.1102    2.0977
    0.0000    0.0000    0.2968    5.3938  102.1474


val(:,:,10) =

   1.0e+03 *

  Columns 1 through 7

    0.2145    0.1258    0.0809    0.0468    0.0406    0.0406    0.0296
    0.0006    0.0005    0.0003    0.0002    0.0001    0.0001    0.0000
    0.1001    0.1006    0.1007    0.1005    0.1003    0.1004    0.0998
    0.0117    0.0068    0.0056    0.0026    0.0011    0.0003    0.0000
    0.0146    0.0066    0.0039    0.0039    0.0008    0.0037    0.0004
    0.0048    0.0178    0.0120    0.0046    0.0003    0.0010    0.0002
    0.0046    0.0513    0.0028    0.0070    0.0022    0.0025    0.0003
    0.0146    0.0588    0.0160    0.0038    0.0015    0.0054    0.0004
    0.0115    0.0102    0.0424    0.0068    0.0006    0.0063    0.0008
    0.0202    0.1126    0.0328    0.0032    0.0002    0.0016    0.0000

  Columns 8 through 14

    0.0293    0.0217    0.0235    0.0207    0.0163    0.0187    0.0153
    0.0001    0.0000    0.0000    0.0000    0.0000    0.0000    0.0000
    0.0997    0.1000    0.1000    0.1000    0.1000    0.1000    0.1000
    0.0016    0.0000    0.0000    0.0000    0.0000    0.0000    0.0000
    0.0023    0.0000    0.0000    0.0000    0.0000    0.0000    0.0000
    0.0016    0.0000    0.0000    0.0000    0.0000    0.0000    0.0000
    0.0014    0.0000    0.0000    0.0000    0.0000    0.0000    0.0000
    0.0018    0.0000    0.0000    0.0000    0.0000    0.0000    0.0000
    0.0025    0.0000    0.0000    0.0000    0.0000    0.0000    0.0000
    0.0005    0.0000    0.0000    0.0000    0.0000    0.0000    0.0000

  Columns 15 through 21

    0.0121    0.0148    0.0119    0.0102    0.0095    0.0088    0.0098
    0.0000    0.0000    0.0000    0.0000    0.0000    0.0000    0.0000
    0.1000    0.1001    0.1000    0.1000    0.1000    0.1000    0.1000
    0.0000    0.0001    0.0000    0.0000    0.0000    0.0000    0.0000
    0.0000    0.0001    0.0000    0.0000    0.0000    0.0000    0.0000
    0.0000    0.0005    0.0000    0.0000    0.0000    0.0000    0.0000
    0.0000    0.0001    0.0000    0.0000    0.0000    0.0000    0.0000
    0.0000    0.0003    0.0000    0.0000    0.0000    0.0000    0.0000
    0.0000    0.0002    0.0000    0.0000    0.0000    0.0000    0.0000
    0.0000    0.0000    0.0000    0.0000    0.0000    0.0000    0.0000

  Columns 22 through 26

    0.0090    0.0111    0.0171    0.0301    0.0287
    0.0000    0.0001    0.0005    0.0009    0.0009
    0.1000    0.0995    0.0989    0.0966    0.0929
    0.0000    0.0027    0.0123    0.0199    0.0189
    0.0000    0.0022    0.0041    0.0141    0.0133
    0.0000    0.0001    0.0025    0.0088    0.0081
    0.0000    0.0005    0.0030    0.0073    0.0066
    0.0000    0.0005    0.0009    0.0054    0.0046
    0.0000    0.0002    0.0008    0.0048    0.0039
    0.0000    0.0006    0.0104    0.1601    2.5919


val(:,:,11) =

  Columns 1 through 7

  210.8451  123.7108   82.6551   45.9629   39.9303   39.7537   29.0772
    0.6007    0.4955    0.4836    0.1537    0.0671    0.0628    0.0353
  100.1234  100.5733  100.2733  100.4680  100.2961   99.8522   99.8106
   11.4567    6.6413    9.5244    2.5737    1.1104    0.1737    0.0484
   14.3897    6.4876   12.7775    3.8780    0.7817    0.0966    0.3799
    4.7189   17.4876    6.3869    4.5657    0.2723    0.1784    0.1935
    4.4776   50.4633    0.7492    6.8965    2.2012    0.6658    0.2633
   14.3217   57.7551   13.5622    3.7247    1.4457    0.0976    0.4072
   11.3138    9.9868   13.0054    6.6497    0.5958    0.8146    0.8342
   19.5022  108.8545   16.1521    3.0623    0.2202    0.0205    0.0204

  Columns 8 through 14

   25.0349   25.3886   21.6362   20.5126   16.5759   15.8198   13.3603
    0.0833    0.0302    0.0214    0.0239    0.0205    0.0238    0.0155
   99.6526  100.0033   99.9993   99.9990  100.0004   99.9999  100.0009
    1.6052    0.0000    0.0000    0.0000    0.0000    0.0000    0.0000
    1.9926    0.0000    0.0000    0.0000    0.0000    0.0000    0.0000
    1.9811    0.0000    0.0000    0.0000    0.0000    0.0000    0.0000
    1.8385    0.0000    0.0000    0.0000    0.0000    0.0000    0.0000
    1.2741    0.0000    0.0000    0.0000    0.0000    0.0000    0.0000
    0.8344    0.0000    0.0000    0.0000    0.0000    0.0000    0.0000
    0.4756    0.0000    0.0000    0.0000    0.0000    0.0000    0.0000

  Columns 15 through 21

   13.3433   14.9750   12.3695   10.0546    9.9814    9.5770   11.2424
    0.0130    0.0169    0.0165    0.0120    0.0104    0.0094    0.0155
  100.0009  100.0200  100.0004  100.0004   99.9952  100.0000  100.0338
    0.0000    0.0008    0.0000    0.0000    0.0000    0.0000    0.0018
    0.0000    0.0024    0.0000    0.0000    0.0000    0.0000    0.0337
    0.0000    0.0037    0.0000    0.0000    0.0002    0.0000    0.0376
    0.0000    0.0016    0.0000    0.0000    0.0001    0.0000    0.0542
    0.0000    0.0052    0.0000    0.0000    0.0001    0.0000    0.0522
    0.0000    0.0053    0.0000    0.0000    0.0001    0.0000    0.0092
    0.0000    0.0000    0.0000    0.0000    0.0000    0.0000    0.0002

  Columns 22 through 26

    7.4186   13.4756   13.0260   26.3776   28.5113
    0.0057    0.0527    0.2982    0.8295    0.8586
  100.0030   99.6739   99.1511   98.1646   94.5034
    0.0000    1.0618    7.3633   19.1489   18.9885
    0.0000    1.1320    0.2643   13.1035   13.3984
    0.0000    0.7287    2.5178    7.2767    8.2168
    0.0000    0.4359    0.9203    5.5820    6.7817
    0.0000    0.0556    1.1413    3.2306    4.8685
    0.0000    0.0038    0.4047    2.3699    4.1911
    0.0000    0.1300    3.4642   38.8437  943.5034


val(:,:,12) =

  Columns 1 through 7

  207.3330  124.5245   78.2191   45.2013   39.2806   39.0907   28.5914
    0.5907    0.5462    0.2915    0.1511    0.0660    0.0618    0.0347
  100.1219  100.1994  100.7169  100.4629  100.2929   99.8538   99.8127
   11.2655   10.5990    5.4142    2.5303    1.0928    0.1709    0.0477
   14.1498   13.6235    3.8134    3.8137    0.7690    0.0951    0.3741
    4.6402    5.3160   11.6016    4.4897    0.2675    0.1756    0.1906
    4.4031    3.1739    2.7336    6.7825    2.1658    0.6551    0.2593
   14.0827   13.9954   15.4743    3.6668    1.4223    0.0959    0.4009
   11.1250   11.7549   41.0248    6.5450    0.5865    0.8015    0.8215
   18.8576   17.7110   30.6808    2.9626    0.2131    0.0198    0.0198

  Columns 8 through 14

   20.3535   21.2474   23.0356   20.3393   16.7624   16.0174   14.3263
    0.0442    0.0264    0.0305    0.0237    0.0210    0.0159    0.0196
  100.2397  100.0012  100.0004  100.0005  100.0000  100.0034   99.9998
    0.6740    0.0000    0.0000    0.0000    0.0000    0.0000    0.0000
    0.9406    0.0000    0.0000    0.0000    0.0000    0.0000    0.0000
    1.9480    0.0000    0.0000    0.0000    0.0000    0.0000    0.0000
    2.1845    0.0000    0.0000    0.0000    0.0000    0.0000    0.0000
    0.6379    0.0000    0.0000    0.0000    0.0000    0.0000    0.0000
    2.1258    0.0000    0.0000    0.0000    0.0000    0.0000    0.0000
    0.2997    0.0000    0.0000    0.0000    0.0000    0.0000    0.0000

  Columns 15 through 21

   12.8125   10.6243   12.6627   10.8640    9.5198    9.1066    9.1677
    0.0158    0.0100    0.0172    0.0129    0.0096    0.0098    0.0128
  100.0009   99.8868  100.0022  100.0002  100.0012  100.0001  100.0020
    0.0000    0.0072    0.0000    0.0000    0.0000    0.0000    0.0000
    0.0000    0.1004    0.0000    0.0000    0.0000    0.0000    0.0000
    0.0000    0.1571    0.0000    0.0000    0.0000    0.0000    0.0000
    0.0000    0.0262    0.0000    0.0000    0.0000    0.0000    0.0000
    0.0000    0.0318    0.0000    0.0000    0.0000    0.0000    0.0000
    0.0000    0.2364    0.0000    0.0000    0.0000    0.0000    0.0000
    0.0000    0.0019    0.0000    0.0000    0.0000    0.0000    0.0000

  Columns 22 through 26

    9.9086    9.2370   11.6186   18.0391   29.1189
    0.0105    0.0137    0.1580    0.5871    0.8702
   99.9996   99.8146   99.4380   98.7259   95.7207
    0.0000    0.2263    3.7273   14.0858   19.4848
    0.0000    0.2702    2.3309    6.6086   13.8167
    0.0000    0.2527    0.7436    0.4486    8.0725
    0.0000    0.2191    0.8529    1.8768    7.4275
    0.0000    0.1154    0.2806    2.1642    4.5694
    0.0000    0.0541    0.3926    1.4531    4.2127
    0.0000    0.0090    1.0286   14.5874  366.8808


val(:,:,13) =

   1.0e+03 *

  Columns 1 through 7

    0.2117    0.1270    0.0820    0.0462    0.0399    0.0401    0.0435
    0.0006    0.0006    0.0007    0.0002    0.0001    0.0001    0.0001
    0.1001    0.1002    0.1008    0.1005    0.1003    0.0998    0.1002
    0.0115    0.0108    0.0143    0.0026    0.0011    0.0002    0.0001
    0.0144    0.0139    0.0146    0.0039    0.0008    0.0001    0.0004
    0.0047    0.0054    0.0282    0.0047    0.0003    0.0002    0.0001
    0.0045    0.0032    0.0168    0.0071    0.0022    0.0007    0.0005
    0.0143    0.0142    0.0260    0.0039    0.0014    0.0001    0.0002
    0.0113    0.0120    0.0044    0.0069    0.0006    0.0009    0.0007
    0.0195    0.0183    0.0511    0.0032    0.0002    0.0000    0.0000

  Columns 8 through 14

    0.0216    0.0254    0.0204    0.0221    0.0157    0.0163    0.0150
    0.0000    0.0000    0.0000    0.0000    0.0000    0.0000    0.0000
    0.1002    0.1000    0.1000    0.1000    0.1000    0.1000    0.1000
    0.0006    0.0000    0.0000    0.0000    0.0000    0.0000    0.0000
    0.0011    0.0000    0.0000    0.0000    0.0000    0.0000    0.0000
    0.0026    0.0000    0.0000    0.0000    0.0000    0.0000    0.0000
    0.0028    0.0000    0.0000    0.0000    0.0000    0.0000    0.0000
    0.0005    0.0000    0.0000    0.0000    0.0000    0.0000    0.0000
    0.0036    0.0000    0.0000    0.0000    0.0000    0.0000    0.0000
    0.0005    0.0000    0.0000    0.0000    0.0000    0.0000    0.0000

  Columns 15 through 21

    0.0110    0.0126    0.0118    0.0102    0.0093    0.0087    0.0088
    0.0000    0.0000    0.0000    0.0000    0.0000    0.0000    0.0000
    0.1000    0.1000    0.1000    0.1000    0.1000    0.1000    0.1000
    0.0000    0.0000    0.0000    0.0000    0.0000    0.0000    0.0000
    0.0000    0.0000    0.0000    0.0000    0.0000    0.0000    0.0000
    0.0000    0.0000    0.0000    0.0000    0.0000    0.0000    0.0000
    0.0000    0.0000    0.0000    0.0000    0.0000    0.0000    0.0000
    0.0000    0.0000    0.0000    0.0000    0.0000    0.0000    0.0000
    0.0000    0.0000    0.0000    0.0000    0.0000    0.0000    0.0000
    0.0000    0.0000    0.0000    0.0000    0.0000    0.0000    0.0000

  Columns 22 through 26

    0.0094    0.0135    0.0132    0.0264    0.0201
    0.0000    0.0001    0.0003    0.0008    0.0006
    0.1000    0.0997    0.0992    0.0982    0.0935
    0.0000    0.0011    0.0074    0.0191    0.0146
    0.0000    0.0011    0.0003    0.0131    0.0078
    0.0000    0.0007    0.0025    0.0073    0.0016
    0.0000    0.0004    0.0009    0.0056    0.0003
    0.0000    0.0001    0.0011    0.0032    0.0007
    0.0000    0.0000    0.0004    0.0024    0.0008
    0.0000    0.0001    0.0035    0.0388    1.7531


val(:,:,14) =

  Columns 1 through 7

  208.1801  121.9936   81.5414   45.4320   39.2842   39.3893   43.0125
    0.5908    0.4901    0.4758    0.1534    0.0660    0.0622    0.0590
  100.1219  100.5659  100.2702  100.4674  100.2929   99.8494  100.1831
   11.2661    6.6557    9.3676    2.5663    1.0927    0.1856    0.0987
   14.1507    6.2975   12.5703    3.8823    0.7690    0.0972    0.4241
    4.6389   17.3875    6.2725    4.5754    0.2675    0.1919    0.1318
    4.4039   49.6402    0.7377    6.9460    2.1658    0.6960    0.5272
   14.0840   56.7868   13.3483    3.7994    1.4223    0.1060    0.2392
   11.1232    9.9580   12.7811    6.7978    0.5864    0.8560    0.7180
   18.8590  105.5232   15.6260    3.1105    0.2131    0.0226    0.0213

  Columns 8 through 14

   25.9622   21.4120   22.7253   21.8003   16.2237   17.6105   15.0579
    0.0835    0.0262    0.0279    0.0285    0.0174    0.0178    0.0238
   99.6509  100.1013  100.0011   99.9958  100.0005  100.0011   99.9995
    1.6098    0.2266    0.0000    0.0000    0.0000    0.0000    0.0000
    1.9760    0.0886    0.0000    0.0000    0.0000    0.0000    0.0000
    1.9909    0.0535    0.0000    0.0000    0.0000    0.0000    0.0000
    1.8330    0.3071    0.0000    0.0000    0.0000    0.0000    0.0000
    1.1659    0.4228    0.0000    0.0000    0.0000    0.0000    0.0000
    0.7089    0.1539    0.0000    0.0000    0.0000    0.0000    0.0000
    0.4683    0.0078    0.0000    0.0000    0.0000    0.0000    0.0000

  Columns 15 through 21

   11.4301   10.4220   11.9767   11.3105    8.3511    8.4514    8.9368
    0.0129    0.0115    0.0169    0.0113    0.0065    0.0090    0.0104
  100.0001  100.0796  100.0012   99.9997  100.0004   99.9998  100.0020
    0.0000    0.0430    0.0000    0.0000    0.0000    0.0000    0.0000
    0.0000    0.1229    0.0000    0.0000    0.0000    0.0000    0.0000
    0.0000    0.1166    0.0000    0.0000    0.0000    0.0000    0.0000
    0.0000    0.0314    0.0000    0.0000    0.0000    0.0000    0.0000
    0.0000    0.3311    0.0000    0.0000    0.0000    0.0000    0.0000
    0.0000    0.3170    0.0000    0.0000    0.0000    0.0000    0.0000
    0.0000    0.0039    0.0000    0.0000    0.0000    0.0000    0.0000

  Columns 22 through 26

   10.1294    9.0003   12.1087   18.0393   19.3022
    0.0130    0.0140    0.1581    0.5871    0.6311
  100.0001   99.8152   99.4376   98.7259   95.1271
    0.0000    0.2186    3.7301   14.0859   14.4930
    0.0000    0.2612    2.3236    6.6088    7.6227
    0.0000    0.2712    0.7406    0.4478    1.2796
    0.0000    0.2239    0.8412    1.8755    0.0000
    0.0000    0.1205    0.2594    2.1623    0.3918
    0.0000    0.0833    0.3687    1.4511    0.0823
    0.0000    0.0090    1.0278   14.5873  577.7858


val(:,:,15) =

  Columns 1 through 7

  204.7696  122.8244   80.2080   44.6916   38.6541   39.2267   42.5509
    0.5811    0.5374    0.4680    0.1509    0.0649    0.0920    0.0581
  100.1200  100.1970  100.2672  100.4624  100.2897  100.3679  100.1809
   11.0813   10.4266    9.2138    2.5239    1.0756    0.2896    0.0966
   13.9185   13.4030   12.3641    3.8188    0.7567    3.5196    0.4155
    4.5625    5.2248    6.1694    4.5004    0.2630    0.9095    0.1290
    4.3315    3.1246    0.7259    6.8330    2.1316    2.4286    0.5171
   13.8526   13.7691   13.1290    3.7410    1.3997    5.1137    0.2351
   10.9410   11.5582   12.5712    6.6925    0.5774    6.0110    0.7031
   18.2458   17.1394   15.1180    3.0109    0.2063    1.4466    0.0205

  Columns 8 through 14

   25.5369   24.5342   22.4658   21.5441   15.4362   14.9903   14.7153
    0.0821    0.0297    0.0275    0.0281    0.0157    0.0208    0.0167
   99.6547  100.0033  100.0003   99.9959  100.0046  100.0010   99.9998
    1.5844    0.0000    0.0000    0.0000    0.0000    0.0000    0.0000
    1.9450    0.0000    0.0000    0.0000    0.0000    0.0000    0.0000
    1.9598    0.0000    0.0000    0.0000    0.0000    0.0000    0.0000
    1.8044    0.0000    0.0000    0.0000    0.0000    0.0000    0.0000
    1.1482    0.0000    0.0000    0.0000    0.0000    0.0000    0.0000
    0.6984    0.0000    0.0000    0.0000    0.0000    0.0000    0.0000
    0.4536    0.0000    0.0000    0.0000    0.0000    0.0000    0.0000

  Columns 15 through 21

   11.1146   12.5308   11.9712   10.0940   10.1743    8.7290    8.7357
    0.0124    0.0124    0.0162    0.0136    0.0106    0.0093    0.0090
  100.0003   99.9428  100.0009   99.9994  100.0000  100.0005  100.0007
    0.0000    0.0066    0.0000    0.0000    0.0000    0.0000    0.0000
    0.0000    0.0258    0.0000    0.0000    0.0000    0.0000    0.0000
    0.0000    0.0327    0.0000    0.0000    0.0000    0.0000    0.0000
    0.0000    0.0017    0.0000    0.0000    0.0000    0.0000    0.0000
    0.0000    0.0281    0.0000    0.0000    0.0000    0.0000    0.0000
    0.0000    0.0541    0.0000    0.0000    0.0000    0.0000    0.0000
    0.0000    0.0001    0.0000    0.0000    0.0000    0.0000    0.0000

  Columns 22 through 26

    8.9898    7.3169   12.1425   13.6386   20.4775
    0.0093    0.0075    0.0814    0.3696    0.6794
  100.0013   99.9247   99.6009   99.0486   96.7658
    0.0000    0.0314    1.8009    9.0965   15.6687
    0.0000    0.0471    1.6708    1.4077    9.6432
    0.0000    0.0268    0.4851    2.8058    3.0008
    0.0000    0.0077    0.0469    2.0478    0.5964
    0.0000    0.0328    0.3222    0.5590    1.3635
    0.0000    0.0420    0.2026    1.1062    1.1415
    0.0000    0.0002    0.2968    5.3943  126.3359


val(:,:,16) =

  Columns 1 through 7

  209.0211  125.2243   78.7510   45.6705   39.2894   39.6750   43.3597
    0.5909    0.5466    0.2942    0.1557    0.0660    0.0935    0.0593
  100.1216  100.1991  100.7164  100.4718  100.2929  100.3719  100.1819
   11.2665   10.6020    5.4392    2.6012    1.0927    0.2942    0.0949
   14.1517   13.6298    4.0217    3.9490    0.7690    3.5779    0.4151
    4.6375    5.3081   11.8550    4.6593    0.2675    0.9235    0.1254
    4.4046    3.1789    2.9197    7.1101    2.1657    2.4663    0.5127
   14.0847   14.0034   15.0845    3.9302    1.4222    5.1981    0.2328
   11.1223   11.7468   41.1895    7.0542    0.5865    6.1121    0.6976
   18.8605   17.7198   30.9073    3.2619    0.2131    1.4949    0.0202

  Columns 8 through 14

   29.5629   25.2888   23.0730   23.3110   16.5175   15.1509   15.2698
    0.0773    0.0330    0.0269    0.0344    0.0108    0.0200    0.0244
   99.7328  100.1776  100.0007   99.9980  100.0002  100.0016  100.0000
    1.1739    0.2579    0.0000    0.0000    0.0000    0.0000    0.0000
    2.2443    0.2418    0.0000    0.0000    0.0000    0.0000    0.0000
    1.6760    0.4502    0.0000    0.0000    0.0000    0.0000    0.0000
    1.7706    0.2948    0.0000    0.0000    0.0000    0.0000    0.0000
    1.4304    0.2832    0.0000    0.0000    0.0000    0.0000    0.0000
    4.5516    0.1643    0.0000    0.0000    0.0000    0.0000    0.0000
    0.6843    0.0142    0.0000    0.0000    0.0000    0.0000    0.0000

  Columns 15 through 21

   13.4145   11.0225   12.4342   11.5728    8.2744    8.4136    8.5059
    0.0139    0.0125    0.0143    0.0137    0.0071    0.0095    0.0108
  100.0005   99.9964  100.0004  100.0013  100.0006  100.0004  100.0000
    0.0000    0.0000    0.0000    0.0000    0.0000    0.0000    0.0000
    0.0000    0.0000    0.0000    0.0000    0.0000    0.0000    0.0000
    0.0000    0.0000    0.0000    0.0000    0.0000    0.0000    0.0000
    0.0000    0.0000    0.0000    0.0000    0.0000    0.0000    0.0000
    0.0000    0.0000    0.0000    0.0000    0.0000    0.0000    0.0000
    0.0000    0.0000    0.0000    0.0000    0.0000    0.0000    0.0000
    0.0000    0.0000    0.0000    0.0000    0.0000    0.0000    0.0000

  Columns 22 through 26

    8.7225   10.1415   12.4859   18.0397   27.4179
    0.0091    0.0149    0.1582    0.5871    0.8391
  100.0005   99.8152   99.4373   98.7259   96.0842
    0.0000    0.2190    3.7318   14.0860   18.8844
    0.0000    0.2611    2.3189    6.6091   13.2536
    0.0000    0.2665    0.7381    0.4469    7.9936
    0.0000    0.2207    0.8335    1.8743    6.5212
    0.0000    0.1156    0.2430    2.1605    4.5385
    0.0000    0.0759    0.3513    1.4491    3.8294
    0.0000    0.0089    1.0273   14.5873  264.2118


val(:,:,17) =

  Columns 1 through 7

  205.5962  123.1738   80.4694   44.9264   38.6585   39.0264   42.8906
    0.5812    0.5376    0.4682    0.1531    0.0649    0.0616    0.0584
  100.1204  100.1969  100.2671  100.4668  100.2897   99.8473  100.1797
   11.0817   10.4280    9.2157    2.5580    1.0756    0.1952    0.0929
   13.9195   13.4062   12.3700    3.8844    0.7567    0.0971    0.4066
    4.5613    5.2208    6.1620    4.5829    0.2629    0.2030    0.1226
    4.3324    3.1268    0.7265    6.9946    2.1315    0.7187    0.5029
   13.8536   13.7737   13.1410    3.8698    1.3996    0.1131    0.2288
   10.9397   11.5535   12.5644    6.9447    0.5774    0.8879    0.6829
   18.2472   17.1437   15.1252    3.1574    0.2063    0.0243    0.0194

  Columns 8 through 14

   29.0771   24.8748   22.7843   23.1134   15.3135   17.8605   15.0957
    0.0760    0.0325    0.0265    0.0338    0.0140    0.0220    0.0240
   99.7356  100.1757   99.9998   99.9985  100.0011  100.0006  100.0016
    1.1559    0.2541    0.0000    0.0000    0.0000    0.0000    0.0000
    2.2085    0.2382    0.0000    0.0000    0.0000    0.0000    0.0000
    1.6496    0.4435    0.0000    0.0000    0.0000    0.0000    0.0000
    1.7422    0.2904    0.0000    0.0001    0.0000    0.0000    0.0000
    1.4076    0.2789    0.0000    0.0000    0.0000    0.0000    0.0000
    4.4751    0.1619    0.0000    0.0001    0.0000    0.0000    0.0000
    0.6622    0.0137    0.0000    0.0000    0.0000    0.0000    0.0000

  Columns 15 through 21

   12.1031   11.0740   11.1667    9.8998   10.5863    8.2366    8.8375
    0.0143    0.0123    0.0140    0.0104    0.0110    0.0092    0.0079
  100.0005   99.9991  100.0004  100.0005  100.0017  100.0002  100.0008
    0.0000    0.0000    0.0000    0.0000    0.0000    0.0000    0.0000
    0.0000    0.0000    0.0000    0.0000    0.0000    0.0000    0.0000
    0.0000    0.0000    0.0000    0.0000    0.0000    0.0000    0.0000
    0.0000    0.0000    0.0000    0.0000    0.0000    0.0000    0.0000
    0.0000    0.0000    0.0000    0.0000    0.0000    0.0000    0.0000
    0.0000    0.0000    0.0000    0.0000    0.0000    0.0000    0.0000
    0.0000    0.0000    0.0000    0.0000    0.0000    0.0000    0.0000

  Columns 22 through 26

    9.2882    6.5685   12.1954   13.7643   22.9705
    0.0126    0.0051    0.0815    0.3696    0.7040
  100.0019  100.0005   99.6010   99.0485   97.1027
    0.0000    0.0000    1.8015    9.0969   16.2827
    0.0000    0.0000    1.6713    1.4091    9.9582
    0.0000    0.0000    0.4835    2.8019    4.2382
    0.0000    0.0000    0.0489    2.0437    3.0176
    0.0000    0.0000    0.3217    0.5576    2.3056
    0.0000    0.0000    0.2008    1.0977    2.4644
    0.0000    0.0000    0.2970    5.3939   89.0674


val(:,:,18) =

  Columns 1 through 7

  202.2819  121.1892   79.1746   44.2061   38.0472   38.3966   42.4362
    0.5718    0.5289    0.4607    0.1506    0.0639    0.0606    0.0576
  100.1190  100.1948  100.2643  100.4618  100.2867   99.8489  100.1775
   10.9029   10.2597    9.0669    2.5164    1.0590    0.1922    0.0910
   13.6949   13.1896   12.1703    3.8219    0.7448    0.0956    0.3986
    4.4876    5.1366    6.0623    4.5089    0.2585    0.1998    0.1200
    4.2624    3.0764    0.7150    6.8826    2.0985    0.7075    0.4934
   13.6301   13.5510   12.9287    3.8114    1.3777    0.1113    0.2250
   10.7629   11.3673   12.3612    6.8385    0.5686    0.8741    0.6691
   17.6633   16.5952   14.6414    3.0579    0.1999    0.0235    0.0187

  Columns 8 through 14

   21.7950   24.4741   20.2982   22.9294   16.4304   19.4531   14.9290
    0.0583    0.0320    0.0196    0.0332    0.0108    0.0249    0.0236
  100.2458  100.1739  100.0007   99.9942  100.0009  100.0009   99.9999
    1.1300    0.2504    0.0000    0.0000    0.0000    0.0000    0.0000
    0.1518    0.2347    0.0000    0.0000    0.0000    0.0000    0.0000
    3.3165    0.4369    0.0000    0.0000    0.0000    0.0000    0.0000
    1.3120    0.2862    0.0000    0.0000    0.0000    0.0000    0.0000
    1.5375    0.2748    0.0000    0.0000    0.0000    0.0000    0.0000
    4.5195    0.1595    0.0000    0.0000    0.0000    0.0000    0.0000
    0.6517    0.0133    0.0000    0.0000    0.0000    0.0000    0.0000

  Columns 15 through 21

   12.5857   10.9647   11.2379   11.0582    9.3705   12.5702    8.9879
    0.0165    0.0121    0.0142    0.0151    0.0094    0.0144    0.0081
  100.0002   99.9961  100.0017  100.0009  100.0004   99.9172  100.0013
    0.0000    0.0000    0.0000    0.0000    0.0000    0.0104    0.0000
    0.0000    0.0000    0.0000    0.0000    0.0000    0.0033    0.0000
    0.0000    0.0000    0.0000    0.0000    0.0000    0.0228    0.0000
    0.0000    0.0000    0.0000    0.0000    0.0000    0.0348    0.0000
    0.0000    0.0000    0.0000    0.0000    0.0000    0.0303    0.0000
    0.0000    0.0000    0.0000    0.0000    0.0000    0.0164    0.0000
    0.0000    0.0000    0.0000    0.0000    0.0000    0.0001    0.0000

  Columns 22 through 26

   11.6145    8.2523   11.3411   12.1210   18.7824
    0.0169    0.0064    0.0322    0.2070    0.6558
   99.9137  100.0006   99.7378   99.3304   98.4990
    0.0243    0.0000    0.6133    5.0346   15.4733
    0.0360    0.0000    0.6969    1.7504    8.9623
    0.0232    0.0000    0.5646    1.6979    2.9645
    0.0659    0.0000    0.4139    0.4236    1.5275
    0.0162    0.0000    0.1324    1.2162    0.0793
    0.0789    0.0000    0.0501    0.7070    0.2022
    0.0003    0.0000    0.0520    1.6950   20.6243


val(:,:,19) =

   1.0e+03 *

  Columns 1 through 7

    0.2164    0.1315    0.0878    0.0509    0.0395    0.0442    0.0367
    0.0006    0.0006    0.0005    0.0001    0.0001    0.0001    0.0000
    0.1001    0.1002    0.1003    0.1006    0.1002    0.1001    0.1002
    0.0115    0.0109    0.0097    0.0020    0.0016    0.0000    0.0000
    0.0144    0.0139    0.0130    0.0040    0.0003    0.0000    0.0007
    0.0047    0.0053    0.0063    0.0044    0.0018    0.0001    0.0003
    0.0045    0.0034    0.0012    0.0078    0.0030    0.0001    0.0006
    0.0143    0.0143    0.0137    0.0079    0.0007    0.0000    0.0009
    0.0113    0.0119    0.0128    0.0130    0.0045    0.0002    0.0013
    0.0195    0.0185    0.0165    0.0055    0.0006    0.0000    0.0001

  Columns 8 through 14

    0.0211    0.0211    0.0204    0.0231    0.0163    0.0173    0.0157
    0.0000    0.0000    0.0000    0.0000    0.0000    0.0000    0.0000
    0.1002    0.1000    0.1000    0.1000    0.1000    0.1000    0.1000
    0.0001    0.0000    0.0000    0.0000    0.0000    0.0000    0.0000
    0.0001    0.0000    0.0000    0.0000    0.0000    0.0000    0.0000
    0.0004    0.0000    0.0000    0.0000    0.0000    0.0000    0.0000
    0.0008    0.0000    0.0000    0.0000    0.0000    0.0000    0.0000
    0.0009    0.0000    0.0000    0.0000    0.0000    0.0000    0.0000
    0.0005    0.0000    0.0000    0.0000    0.0000    0.0000    0.0000
    0.0000    0.0000    0.0000    0.0000    0.0000    0.0000    0.0000

  Columns 15 through 21

    0.0133    0.0104    0.0118    0.0095    0.0096    0.0096    0.0086
    0.0000    0.0000    0.0000    0.0000    0.0000    0.0000    0.0000
    0.1000    0.0999    0.1000    0.1000    0.1000    0.1000    0.1000
    0.0000    0.0000    0.0000    0.0000    0.0000    0.0000    0.0000
    0.0000    0.0001    0.0000    0.0000    0.0000    0.0000    0.0000
    0.0000    0.0001    0.0000    0.0000    0.0000    0.0000    0.0000
    0.0000    0.0000    0.0000    0.0000    0.0000    0.0000    0.0000
    0.0000    0.0000    0.0000    0.0000    0.0000    0.0000    0.0000
    0.0000    0.0001    0.0000    0.0000    0.0000    0.0000    0.0000
    0.0000    0.0000    0.0000    0.0000    0.0000    0.0000    0.0000

  Columns 22 through 26

    0.0076    0.0132    0.0131    0.0263    0.0249
    0.0000    0.0001    0.0003    0.0008    0.0008
    0.1000    0.0997    0.0992    0.0982    0.0940
    0.0000    0.0011    0.0074    0.0191    0.0180
    0.0000    0.0011    0.0003    0.0131    0.0116
    0.0000    0.0007    0.0025    0.0073    0.0063
    0.0000    0.0004    0.0009    0.0056    0.0042
    0.0000    0.0001    0.0011    0.0032    0.0026
    0.0000    0.0000    0.0004    0.0024    0.0016
    0.0000    0.0001    0.0035    0.0388    1.2959


val(:,:,20) =

  Columns 1 through 7

  212.7989  129.3434   86.3701   50.0863   38.8091   43.6384   36.3128
    0.5921    0.5514    0.4870    0.1466    0.0813    0.0629    0.0472
  100.1181  100.1926  100.2603  100.5450  100.2367  100.0894  100.2310
   11.2845   10.6838    9.5785    1.9691    1.5327    0.0434    0.0283
   14.1632   13.6914   12.7480    3.9115    0.3159    0.0172    0.6951
    4.6205    5.2372    6.1518    4.3417    1.7335    0.0518    0.3047
    4.4369    3.3341    1.1744    7.6416    2.9934    0.1326    0.6360
   14.0817   14.0134   13.4926    7.7383    0.6849    0.0203    0.8696
   11.1076   11.6785   12.6345   12.8172    4.4338    0.1611    1.3189
   18.8900   17.8541   15.9769    5.3644    0.6274    0.0009    0.0638

  Columns 8 through 14

   20.7951   20.7477   20.1715   22.6185   16.2346   15.3226   14.5673
    0.0253    0.0189    0.0148    0.0320    0.0117    0.0202    0.0215
  100.1882  100.0004  100.0005   99.9953  100.0005  100.0008  100.0008
    0.1174    0.0000    0.0000    0.0000    0.0000    0.0000    0.0000
    0.0541    0.0000    0.0000    0.0000    0.0000    0.0000    0.0000
    0.3928    0.0000    0.0000    0.0000    0.0000    0.0000    0.0000
    0.7685    0.0000    0.0000    0.0000    0.0000    0.0000    0.0000
    0.8530    0.0000    0.0000    0.0000    0.0000    0.0000    0.0000
    0.5049    0.0000    0.0000    0.0000    0.0000    0.0000    0.0000
    0.0309    0.0000    0.0000    0.0000    0.0000    0.0000    0.0000

  Columns 15 through 21

   11.5046   12.5384   14.3402    9.7193    8.4361    8.1854    8.8406
    0.0128    0.0149    0.0180    0.0103    0.0065    0.0082    0.0117
   99.9997   99.9986  100.0814  100.0012  100.0015  100.0003   99.9999
    0.0000    0.0000    0.0405    0.0000    0.0000    0.0000    0.0000
    0.0000    0.0000    0.0511    0.0000    0.0000    0.0000    0.0000
    0.0000    0.0000    0.1636    0.0000    0.0000    0.0000    0.0000
    0.0000    0.0000    0.0061    0.0000    0.0000    0.0000    0.0000
    0.0000    0.0000    0.1238    0.0000    0.0000    0.0000    0.0000
    0.0000    0.0000    0.0534    0.0000    0.0000    0.0000    0.0000
    0.0000    0.0000    0.0011    0.0000    0.0000    0.0000    0.0000

  Columns 22 through 26

    8.2535    8.5407   12.3431   18.2350   19.8469
    0.0073    0.0131    0.1582    0.5871    0.6354
  100.0005   99.8154   99.4375   98.7254   95.1522
    0.0000    0.2189    3.7304   14.0874   14.5875
    0.0000    0.2611    2.3228    6.6156    7.7176
    0.0000    0.2818    0.7397    0.4175    1.3001
    0.0000    0.2329    0.8406    1.8267    0.0366
    0.0000    0.1280    0.2574    2.0660    0.4990
    0.0000    0.0986    0.3633    1.3284    0.0000
    0.0000    0.0092    1.0277   14.5814  566.4633


val(:,:,21) =

  Columns 1 through 7

  209.3124  127.2252   84.9571   49.2716   38.1772   35.8163   35.9697
    0.5824    0.5424    0.4790    0.1441    0.0799    0.0979    0.0465
  100.1166  100.1904  100.2575  100.5392  100.2341   99.6552  100.2284
   11.0993   10.5085    9.4213    1.9357    1.5079    1.8849    0.0277
   13.9307   13.4667   12.5387    3.8469    0.3105    1.8018    0.6825
    4.5450    5.1512    6.0507    4.2695    1.7054    1.4332    0.2998
    4.3644    3.2794    1.1554    7.5168    2.9440    3.7928    0.6262
   13.8507   13.7833   13.2711    7.6158    0.6740    2.7757    0.8545
   10.9253   11.4868   12.4269   12.6148    4.3615    0.3586    1.2935
   18.2757   17.2736   15.4575    5.1928    0.6071    0.7511    0.0615

  Columns 8 through 14

   20.4552   24.7858   19.9416   22.2282   16.1764   16.9286   15.2984
    0.0249    0.0289    0.0146    0.0314    0.0118    0.0174    0.0237
  100.1865  100.0009  100.0005   99.9996  100.0008   99.9996  100.0001
    0.1165    0.0000    0.0000    0.0000    0.0000    0.0000    0.0000
    0.0544    0.0000    0.0000    0.0000    0.0000    0.0000    0.0000
    0.3859    0.0000    0.0000    0.0000    0.0000    0.0000    0.0000
    0.7562    0.0000    0.0000    0.0000    0.0000    0.0000    0.0000
    0.8399    0.0000    0.0000    0.0000    0.0000    0.0000    0.0000
    0.4970    0.0000    0.0000    0.0000    0.0000    0.0000    0.0000
    0.0299    0.0000    0.0000    0.0000    0.0000    0.0000    0.0000

  Columns 15 through 21

   11.2481   12.3741   14.8721   10.0005    9.1236    9.4202    9.2771
    0.0112    0.0144    0.0207    0.0130    0.0083    0.0103    0.0122
  100.0004  100.0006  100.1178  100.0005   99.9999   99.9993  100.0000
    0.0000    0.0000    0.1378    0.0000    0.0000    0.0000    0.0000
    0.0000    0.0000    0.2514    0.0000    0.0000    0.0000    0.0000
    0.0000    0.0000    0.1201    0.0000    0.0000    0.0000    0.0000
    0.0000    0.0000    0.1386    0.0000    0.0000    0.0000    0.0000
    0.0000    0.0000    0.0544    0.0000    0.0000    0.0000    0.0000
    0.0000    0.0000    0.4889    0.0000    0.0000    0.0000    0.0000
    0.0000    0.0000    0.0073    0.0000    0.0000    0.0000    0.0000

  Columns 22 through 26

   10.8049    7.1010   11.9185   13.5433   22.6787
    0.0142    0.0067    0.0814    0.3696    0.6971
  100.0014  100.0008   99.6010   99.0486   97.0702
    0.0000    0.0000    1.8011    9.0973   16.1363
    0.0000    0.0000    1.6709    1.4093    9.7706
    0.0000    0.0000    0.4849    2.8043    4.0151
    0.0000    0.0000    0.0473    2.0482    2.8011
    0.0000    0.0000    0.3238    0.5539    2.1413
    0.0000    0.0000    0.2033    1.1016    2.3381
    0.0000    0.0000    0.2969    5.3948   91.8126


val(:,:,22) =

  Columns 1 through 7

  213.6092  129.6916   86.6136   50.2967   38.8126   43.6375   36.3127
    0.5922    0.5516    0.4872    0.1473    0.0813    0.0629    0.0472
  100.1177  100.1924  100.2602  100.5475  100.2367  100.0894  100.2310
   11.2849   10.6852    9.5805    1.9630    1.5327    0.0434    0.0283
   14.1640   13.6942   12.7535    3.9300    0.3159    0.0173    0.6951
    4.6193    5.2335    6.1449    4.3499    1.7335    0.0518    0.3047
    4.4378    3.3365    1.1759    7.8067    2.9933    0.1325    0.6360
   14.0824   14.0169   13.5029    7.8202    0.6849    0.0203    0.8696
   11.1065   11.6748   12.6281   13.1588    4.4337    0.1611    1.3189
   18.8913   17.8582   15.9839    5.5539    0.6274    0.0009    0.0638

  Columns 8 through 14

   28.5952   25.4993   20.7018   24.1358   14.5785   17.7583   15.4517
    0.0330    0.0306    0.0165    0.0366    0.0106    0.0216    0.0243
  100.2315  100.1476  100.0016   99.9946   99.9997  100.0013  100.0016
    0.2182    0.1509    0.0000    0.0000    0.0000    0.0000    0.0000
    0.0516    0.1487    0.0000    0.0000    0.0000    0.0000    0.0000
    0.5459    0.2637    0.0000    0.0000    0.0000    0.0000    0.0000
    0.7911    0.1964    0.0000    0.0000    0.0000    0.0000    0.0000
    0.7709    0.1644    0.0000    0.0000    0.0000    0.0000    0.0000
    0.4708    0.1142    0.0000    0.0000    0.0000    0.0000    0.0000
    0.0357    0.0053    0.0000    0.0000    0.0000    0.0000    0.0000

  Columns 15 through 21

   12.0712   10.2437   13.2344    9.9692    9.4660    8.5172    8.5443
    0.0159    0.0121    0.0163    0.0134    0.0099    0.0092    0.0091
  100.0009   99.9730   99.9997  100.0009  100.0004   99.9999  100.0005
    0.0000    0.0074    0.0000    0.0000    0.0000    0.0000    0.0000
    0.0000    0.0212    0.0000    0.0000    0.0000    0.0000    0.0000
    0.0000    0.0206    0.0000    0.0000    0.0000    0.0000    0.0000
    0.0000    0.0080    0.0000    0.0000    0.0000    0.0000    0.0000
    0.0000    0.0492    0.0000    0.0000    0.0000    0.0000    0.0000
    0.0000    0.0433    0.0000    0.0000    0.0000    0.0000    0.0000
    0.0000    0.0001    0.0000    0.0000    0.0000    0.0000    0.0000

  Columns 22 through 26

    8.0371    9.1036   12.7106   18.2393   30.1668
    0.0078    0.0139    0.1582    0.5871    0.8432
   99.9997   99.8152   99.4372   98.7254   95.6121
    0.0000    0.2201    3.7320   14.0873   18.6668
    0.0000    0.2621    2.3181    6.6156   14.2271
    0.0000    0.2734    0.7371    0.4176    9.2035
    0.0000    0.2276    0.8330    1.8269    6.7950
    0.0000    0.1211    0.2410    2.0661    5.0393
    0.0000    0.0850    0.3459    1.3285    5.4597
    0.0000    0.0091    1.0272   14.5814  401.5976


val(:,:,23) =

  Columns 1 through 7

  210.1088  127.5677   85.1967   49.4786   38.1802   43.0988   35.9689
    0.5824    0.5425    0.4792    0.1449    0.0799    0.0619    0.0465
  100.1165  100.1903  100.2574  100.5417  100.2341  100.0878  100.2284
   11.0998   10.5099    9.4232    1.9295    1.5079    0.0418    0.0277
   13.9317   13.4695   12.5442    3.8650    0.3104    0.0166    0.6825
    4.5435    5.1476    6.0440    4.2773    1.7053    0.0499    0.2998
    4.3649    3.2818    1.1569    7.6793    2.9440    0.1276    0.6262
   13.8515   13.7867   13.2812    7.6962    0.6740    0.0196    0.8545
   10.9243   11.4831   12.4206   12.9511    4.3614    0.1552    1.2935
   18.2770   17.2775   15.4643    5.3762    0.6070    0.0008    0.0615

  Columns 8 through 14

   21.1198   25.0812   23.5715   24.0116   14.6623   14.8502   15.2547
    0.0252    0.0301    0.0283    0.0362    0.0108    0.0198    0.0239
  100.1804  100.1461  100.0002   99.9945  100.0008  100.0003  100.0004
    0.0950    0.1487    0.0000    0.0000    0.0000    0.0000    0.0000
    0.0419    0.1466    0.0000    0.0000    0.0000    0.0000    0.0000
    0.3605    0.2599    0.0000    0.0000    0.0000    0.0000    0.0000
    0.7127    0.1936    0.0000    0.0000    0.0000    0.0000    0.0000
    0.7819    0.1620    0.0000    0.0000    0.0000    0.0000    0.0000
    0.4387    0.1127    0.0000    0.0000    0.0000    0.0000    0.0000
    0.0257    0.0051    0.0000    0.0000    0.0000    0.0000    0.0000

  Columns 15 through 21

   12.0837   11.1079   12.9986   10.0712    9.0358    8.6155    8.7212
    0.0148    0.0133    0.0163    0.0119    0.0079    0.0093    0.0093
  100.0004   99.9996  100.0016  100.0015   99.9997  100.0007  100.0008
    0.0000    0.0000    0.0000    0.0000    0.0000    0.0000    0.0000
    0.0000    0.0000    0.0000    0.0000    0.0000    0.0000    0.0000
    0.0000    0.0000    0.0000    0.0000    0.0000    0.0000    0.0000
    0.0000    0.0000    0.0000    0.0000    0.0000    0.0000    0.0000
    0.0000    0.0000    0.0000    0.0000    0.0000    0.0000    0.0000
    0.0000    0.0000    0.0000    0.0000    0.0000    0.0000    0.0000
    0.0000    0.0000    0.0000    0.0000    0.0000    0.0000    0.0000

  Columns 22 through 26

   10.4614    6.4270   11.9557   13.6614   18.2659
    0.0145    0.0054    0.0814    0.3696    0.6212
  100.0209   99.9991   99.6010   99.0485   96.7147
    0.0043    0.0000    1.8017    9.0977   14.5025
    0.0669    0.0000    1.6714    1.4107    7.6338
    0.0839    0.0000    0.4833    2.8005    1.2828
    0.1008    0.0000    0.0493    2.0442    0.0093
    0.1109    0.0000    0.3233    0.5525    0.4469
    0.0003    0.0000    0.2016    1.0934    0.0041
    0.0007    0.0000    0.2970    5.3945  130.0000


val(:,:,24) =

  Columns 1 through 7

  206.7211  125.5123   83.8254   48.6867   36.7791   35.4997   35.6377
    0.5731    0.5338    0.4715    0.1426    0.1105    0.0976    0.0459
  100.1155  100.1883  100.2546  100.5359  100.3697   99.6567  100.2259
   10.9205   10.3401    9.2711    1.8973    2.2754    1.8916    0.0271
   13.7068   13.2520   12.3416    3.8021    1.5371    1.7743    0.6705
    4.4703    5.0644    5.9463    4.2072    0.0904    1.3933    0.2950
    4.2943    3.2288    1.1384    7.5558    4.7141    3.7635    0.6168
   13.6281   13.5642   13.0667    7.5761    2.6951    2.7430    0.8399
   10.7481   11.2977   12.2199   12.7497    1.7491    0.3627    1.2693
   17.6922   16.7247   14.9696    5.2068    0.9298    0.7391    0.0593

  Columns 8 through 14

   20.7802   20.3866   23.2703   23.8148   14.7000   16.7099   15.3121
    0.0248    0.0222    0.0279    0.0358    0.0110    0.0196    0.0208
  100.1788  100.1558  100.0030   99.9976  100.0002  100.0041  100.0016
    0.0943    0.2686    0.0000    0.0000    0.0000    0.0000    0.0000
    0.0423    0.2208    0.0000    0.0000    0.0000    0.0000    0.0000
    0.3542    0.3905    0.0000    0.0000    0.0000    0.0000    0.0000
    0.7015    0.3844    0.0000    0.0000    0.0000    0.0000    0.0000
    0.7701    0.4200    0.0000    0.0000    0.0000    0.0000    0.0000
    0.4320    0.1349    0.0000    0.0000    0.0000    0.0000    0.0000
    0.0249    0.0150    0.0000    0.0000    0.0000    0.0000    0.0000

  Columns 15 through 21

   12.5824   11.7782   12.9096   12.0567    9.5100   12.4757    8.4286
    0.0149    0.0141    0.0163    0.0136    0.0114    0.0143    0.0094
  100.0007  100.0031  100.0005   99.9993   99.9991   99.9172  100.0004
    0.0000    0.0000    0.0000    0.0000    0.0000    0.0104    0.0000
    0.0000    0.0000    0.0000    0.0000    0.0000    0.0033    0.0000
    0.0000    0.0000    0.0000    0.0000    0.0000    0.0229    0.0000
    0.0000    0.0000    0.0000    0.0000    0.0000    0.0349    0.0000
    0.0000    0.0000    0.0000    0.0000    0.0000    0.0304    0.0000
    0.0000    0.0000    0.0000    0.0000    0.0000    0.0164    0.0000
    0.0000    0.0000    0.0000    0.0000    0.0000    0.0001    0.0000

  Columns 22 through 26

    8.7869    9.8376   11.4100   11.9748   19.5502
    0.0109    0.0120    0.0323    0.2070    0.6497
   99.9997  100.0022   99.7378   99.3302   98.5244
    0.0000    0.0000    0.6134    5.0363   15.3834
    0.0000    0.0000    0.6969    1.7466    8.6070
    0.0000    0.0000    0.5645    1.6971    1.8039
    0.0000    0.0000    0.4137    0.4188    0.0000
    0.0000    0.0000    0.1322    1.2108    1.7341
    0.0000    0.0000    0.0499    0.6987    1.9036
    0.0000    0.0000    0.0520    1.6952   19.8266


val(:,:,25) =

  Columns 1 through 7

  210.8967  127.9206   85.4400   49.6879   38.1842   36.3307   35.9693
    0.5825    0.5427    0.4794    0.1456    0.0799    0.1003    0.0465
  100.1164  100.1902  100.2572  100.5440  100.2341   99.6511  100.2284
   11.1002   10.5113    9.4252    1.9207    1.5078    1.9531    0.0277
   13.9326   13.4722   12.5494    3.8776    0.3104    1.8029    0.6825
    4.5423    5.1442    6.0374    4.2801    1.7053    1.3996    0.2997
    4.3656    3.2841    1.1583    7.8423    2.9439    3.8495    0.6262
   13.8523   13.7901   13.2909    7.7700    0.6740    2.7958    0.8544
   10.9231   11.4794   12.4147   13.2939    4.3613    0.3773    1.2935
   18.2782   17.2814   15.4709    5.5616    0.6070    0.7732    0.0615

  Columns 8 through 14

   21.8816   25.3430   20.6143   21.7883   17.4666   14.6939   20.8244
    0.0255    0.0426    0.0201    0.0315    0.0161    0.0180    0.0330
  100.1749  100.2375  100.0013   99.9997  100.0027  100.0003  100.0710
    0.0775    0.6345    0.0000    0.0000    0.0000    0.0000    0.0515
    0.0312    0.6585    0.0000    0.0000    0.0000    0.0000    0.0660
    0.3394    1.1247    0.0000    0.0000    0.0000    0.0000    0.0038
    0.6745    0.9358    0.0000    0.0000    0.0000    0.0000    0.0802
    0.7322    0.7052    0.0000    0.0000    0.0000    0.0000    0.1631
    0.3925    0.5997    0.0000    0.0000    0.0000    0.0000    0.1191
    0.0225    0.0960    0.0000    0.0000    0.0000    0.0000    0.0010

  Columns 15 through 21

   14.1557   11.4094   11.8806   11.3359   10.7373    8.7150    9.1702
    0.0219    0.0115    0.0135    0.0121    0.0150    0.0090    0.0094
  100.0002  100.0022  100.0014   99.9997  100.0005  100.0022  100.0004
    0.0000    0.0000    0.0000    0.0000    0.0000    0.0000    0.0000
    0.0000    0.0000    0.0000    0.0000    0.0000    0.0000    0.0000
    0.0000    0.0000    0.0000    0.0000    0.0000    0.0000    0.0000
    0.0000    0.0000    0.0000    0.0000    0.0000    0.0000    0.0000
    0.0000    0.0000    0.0000    0.0000    0.0000    0.0000    0.0000
    0.0000    0.0000    0.0000    0.0000    0.0000    0.0000    0.0000
    0.0000    0.0000    0.0000    0.0000    0.0000    0.0000    0.0000

  Columns 22 through 26

    8.1972    6.8096   11.9742   13.7740   18.4409
    0.0107    0.0042    0.0814    0.3696    0.6189
  100.0019  100.0000   99.6010   99.0485   96.7009
    0.0000    0.0000    1.8024    9.0981   14.4500
    0.0000    0.0000    1.6721    1.4118    7.5795
    0.0000    0.0000    0.4814    2.7972    1.2641
    0.0000    0.0000    0.0518    2.0407    0.0000
    0.0000    0.0000    0.3228    0.5513    0.4119
    0.0000    0.0000    0.1997    1.0861    0.0011
    0.0000    0.0000    0.2972    5.3942  131.8689


val(:,:,26) =

  Columns 1 through 7

  207.4967  125.8595   84.0650   48.8926   37.5715   42.5719   35.6374
    0.5731    0.5340    0.4717    0.1432    0.0787    0.0610    0.0459
  100.1151  100.1881  100.2545  100.5382  100.2316  100.0863  100.2259
   10.9210   10.3416    9.2729    1.8885    1.4838    0.0404    0.0271
   13.7077   13.2547   12.3469    3.8145    0.3051    0.0159    0.6705
    4.4690    5.0610    5.9398    4.2097    1.6780    0.0482    0.2950
    4.2952    3.2311    1.1400    7.7162    2.8962    0.1230    0.6168
   13.6287   13.5675   13.0762    7.6487    0.6635    0.0189    0.8399
   10.7468   11.2941   12.2138   13.0872    4.2914    0.1496    1.2693
   17.6934   16.7284   14.9760    5.3864    0.5877    0.0008    0.0593

  Columns 8 through 14

   21.5298   24.9339   20.2847   21.7083   17.4547   14.9472   15.0747
    0.0251    0.0419    0.0198    0.0314    0.0161    0.0187    0.0229
  100.1733  100.2350  100.0013   99.9978  100.0012  100.0009  100.0017
    0.0771    0.6247    0.0000    0.0000    0.0000    0.0000    0.0000
    0.0317    0.6483    0.0000    0.0000    0.0000    0.0000    0.0000
    0.3335    1.1072    0.0000    0.0000    0.0000    0.0000    0.0000
    0.6639    0.9215    0.0000    0.0000    0.0000    0.0000    0.0000
    0.7212    0.6943    0.0000    0.0000    0.0000    0.0000    0.0000
    0.3865    0.5906    0.0000    0.0000    0.0000    0.0000    0.0000
    0.0218    0.0930    0.0000    0.0000    0.0000    0.0000    0.0000

  Columns 15 through 21

   14.0133   11.6020   11.6952   10.8720   10.2245    8.7458    8.9560
    0.0216    0.0142    0.0134    0.0147    0.0136    0.0069    0.0086
  100.0000  100.0002  100.0013  100.0001   99.9987   99.9707   99.9997
    0.0000    0.0000    0.0000    0.0000    0.0000    0.0002    0.0000
    0.0000    0.0000    0.0000    0.0000    0.0000    0.0008    0.0000
    0.0000    0.0000    0.0000    0.0000    0.0000    0.0056    0.0000
    0.0000    0.0000    0.0000    0.0000    0.0000    0.0047    0.0000
    0.0000    0.0000    0.0000    0.0000    0.0000    0.0074    0.0000
    0.0000    0.0000    0.0000    0.0000    0.0000    0.0066    0.0000
    0.0000    0.0000    0.0000    0.0000    0.0000    0.0000    0.0000

  Columns 22 through 26

    8.5805    7.6695   10.5931   12.1492   19.5497
    0.0112    0.0057    0.0315    0.2070    0.6497
  100.0010  100.0008   99.7379   99.3304   98.5243
    0.0000    0.0000    0.6131    5.0353   15.3828
    0.0000    0.0000    0.6972    1.7490    8.6063
    0.0000    0.0000    0.5660    1.6978    1.8035
    0.0000    0.0000    0.4156    0.4219    0.0000
    0.0000    0.0000    0.1337    1.2141    1.7330
    0.0000    0.0000    0.0506    0.7071    1.9020
    0.0000    0.0000    0.0520    1.6952   19.8270


val(:,:,27) =

  Columns 1 through 7

  204.2045  123.8637   82.7333   48.1224   36.1997   42.0567   35.3173
    0.5640    0.5255    0.4642    0.1409    0.1087    0.0600    0.0452
  100.1139  100.1862  100.2517  100.5327  100.3659  100.0849  100.2234
   10.7475   10.1772    9.1256    1.8575    2.2401    0.0390    0.0266
   13.4899   13.0441   12.1506    3.7532    1.5132    0.0153    0.6589
    4.3980    4.9806    5.8453    4.1417    0.0882    0.0466    0.2904
    4.2270    3.1798    1.1219    7.5940    4.6411    0.1188    0.6077
   13.4122   13.3518   12.8686    7.5308    2.6528    0.0182    0.8258
   10.5760   11.1146   12.0195   12.8870    1.7227    0.1445    1.2461
   17.1361   16.2016   14.5045    5.2193    0.9011    0.0007    0.0573

  Columns 8 through 14

   27.6734   24.5377   22.9995   21.6074   15.0917   17.6769   16.3935
    0.0324    0.0413    0.0272    0.0313    0.0130    0.0226    0.0212
  100.2270  100.2325  100.0007   99.9977  100.0031  100.0044  100.0015
    0.2186    0.6151    0.0000    0.0000    0.0000    0.0000    0.0000
    0.0548    0.6385    0.0000    0.0000    0.0000    0.0000    0.0000
    0.5302    1.0904    0.0000    0.0000    0.0001    0.0000    0.0000
    0.7634    0.9076    0.0000    0.0000    0.0000    0.0000    0.0000
    0.7369    0.6837    0.0000    0.0000    0.0001    0.0000    0.0000
    0.4505    0.5818    0.0000    0.0000    0.0001    0.0000    0.0000
    0.0333    0.0902    0.0000    0.0000    0.0000    0.0000    0.0000

  Columns 15 through 21

   13.8713   11.8955   11.6174   11.0647    9.9066    9.3268    8.8594
    0.0213    0.0144    0.0133    0.0153    0.0103    0.0078    0.0098
  100.0014  100.0010  100.0000  100.0002   99.9997   99.9999  100.0005
    0.0000    0.0000    0.0000    0.0000    0.0000    0.0000    0.0000
    0.0000    0.0000    0.0000    0.0000    0.0000    0.0000    0.0000
    0.0000    0.0000    0.0000    0.0000    0.0000    0.0000    0.0000
    0.0000    0.0000    0.0000    0.0000    0.0000    0.0000    0.0000
    0.0000    0.0000    0.0000    0.0000    0.0000    0.0000    0.0000
    0.0000    0.0000    0.0000    0.0000    0.0000    0.0000    0.0000
    0.0000    0.0000    0.0000    0.0000    0.0000    0.0000    0.0000

  Columns 22 through 26

    9.2768    8.1534    8.6969    6.2289   12.2719
    0.0110    0.0076    0.0082    0.0993    0.4435
  100.0008  100.0011   99.9041   99.5924   98.9407
    0.0000    0.0000    0.0324    2.1730   10.8153
    0.0000    0.0000    0.0387    2.2219    3.4487
    0.0000    0.0000    0.0447    0.6330    1.9397
    0.0000    0.0000    0.0373    1.6499    2.1408
    0.0000    0.0000    0.0221    0.8554    0.6121
    0.0000    0.0000    0.0184    1.2038    0.2312
    0.0000    0.0000    0.0003    0.5354    7.8513

